
loftr-matches_20_loftr_uRoC/MH_01_easy/mav0/cam0/.mp4
46  89  570  183  63  157  324  278  644  74  1116  95  287  21  11  25  48  26  59  2  543  2788  2756  2770  2739  2753  2860  2860  2869  2845  2789  2635  2385  2386  2724  2753  2775  2772  2592  2718  2805  2805  2771  2251  229  48  44  501  268  72  141  232  261  103  118  100  84  320  330  149  128  335  276  411  212  182  74  231  177  286  325  433  89  337  393  304  192  229  45  90  81  155  298  164  64  86  160  386  315  94  154  1  301  729  482  281  211  259  154  207  165  241  190  138  202  143  134  121  78  75  88  45  80  255  205  410  335  228  116  35  283  402  352  589  431  298  256  190  239  371  314  273  269  344  291  315  424  211  93  187  121  193  344  355  237  463  495  353  362  270  286  505  328  266  159  322  205  148  196  44  547  456  665  446  291  324  583  542  337  333  506  336  188  145  181  123  82  64  30  251  165  211  266  173  
sum:101706
loftr-matches_15_loftr_uRoC/MH_01_easy/mav0/cam0/.mp4
12  19  105  48  1001  44  3  72  393  1074  146  1197  110  147  221  178  296  64  23  22  24  24  179  61  46  22  123  1496  2801  2806  2765  2746  2732  2763  2744  2852  2840  2831  2859  2840  2839  2665  2599  2198  2467  2705  2730  2789  2769  2776  2769  2599  2553  2674  2775  2808  2792  2498  2519  251  59  54  641  598  349  157  116  255  247  274  153  162  193  141  118  107  385  285  319  237  172  257  430  305  473  280  308  330  140  223  284  197  445  357  363  823  137  239  595  413  427  175  324  211  80  133  88  143  177  422  285  200  105  63  121  256  421  511  344  149  139  71  51  449  739  644  530  311  273  334  256  173  274  230  188  208  262  221  232  93  195  198  222  272  94  55  116  150  132  74  91  295  315  337  375  458  432  232  116  115  439  384  558  386  534  564  374  318  340  439  283  416  402  467  322  360  511  493  435  373  333  550  430  255  255  193  163  251  285  410  420  368  267  427  757  650  411  542  486  482  294  398  462  390  317  367  310  300  198  166  153  228  88  360  645  445  628  383  509  335  285  512  393  528  346  398  311  399  439  537  183  232  262  140  140  122  147  87  163  358  394  171  119  280  167  
sum:148134
loftr-matches_25_loftr_uRoC/MH_01_easy/mav0/cam0/.mp4
512  37  15  201  63  643  139  63  410  138  37  20  46  546  263  2  526  2769  2755  2738  2772  2848  2835  2839  2730  1770  1876  2696  2759  2774  2431  2543  2803  2799  2359  199  112  251  230  14  218  195  113  81  62  100  180  127  94  248  264  208  188  75  143  217  310  267  280  259  122  173  26  62  89  148  187  51  51  142  279  79  133  1  535  460  257  131  171  83  115  147  139  49  132  102  81  54  41  3  53  249  331  256  95  14  142  424  349  372  221  174  167  254  205  231  223  291  288  256  84  80  147  253  263  176  434  449  368  225  241  233  341  252  279  180  203  34  447  394  657  238  297  644  298  239  363  424  89  106  55  98  30  114  174  240  48  
sum:73027
loftr-matches_30_loftr_uRoC/MH_01_easy/mav0/cam0/.mp4
249  217  30  224  359  163  25  35  111  46  23  28  11  114  2792  2740  2723  2746  2847  2846  2664  2092  2495  2750  2771  2598  2734  2799  2450  194  93  477  96  70  185  99  63  65  160  121  70  223  348  149  51  127  216  347  82  250  47  97  8  30  122  182  31  38  182  57  120  24  697  235  156  86  65  101  141  117  85  100  44  23  8  51  193  306  172  7  161  342  276  238  146  143  267  175  236  268  301  163  82  118  178  214  191  547  229  261  215  266  147  225  115  135  85  309  378  196  293  358  251  311  222  56  81  57  36  109  52  66  
sum:57192
loftr-matches_40_loftr_uRoC/MH_01_easy/mav0/cam0/.mp4
549  196  362  133  117  99  14  161  205  0  520  2753  2730  2851  2852  2630  2356  2718  2766  2486  2788  2163  46  68  3  96  73  33  60  85  45  249  94  18  99  228  84  72  75  5  63  137  20  33  15  1  203  181  93  22  110  83  73  37  17  38  30  193  425  2  269  199  199  69  137  141  160  157  122  53  106  182  183  366  209  201  209  193  126  38  292  389  248  295  240  254  18  34  28  13  135  145  
sum:40068
loftr-matches_20_ourm1_uRoC/MH_01_easy/mav0/cam0/.mp4
31  97  575  182  59  165  324  288  630  66  1150  95  277  22  8  24  50  27  62  4  659  2958  2946  2943  2923  2926  3022  3004  3028  2994  2943  2814  2575  2567  2888  2927  2933  2933  2786  2909  2992  3000  2960  2392  258  59  44  531  274  74  145  244  292  122  118  101  87  320  321  144  128  320  254  403  214  189  91  212  189  302  342  447  90  324  422  322  187  235  48  97  80  174  304  151  62  94  162  391  315  97  144  3  277  709  483  292  207  260  154  194  160  232  196  126  199  134  137  118  74  74  81  32  78  249  192  416  339  242  106  38  297  410  356  592  429  289  241  192  237  352  311  281  283  331  279  311  410  210  109  188  119  197  351  357  244  453  481  342  366  269  281  516  344  307  192  327  221  150  202  51  556  455  697  447  282  334  593  547  345  338  527  307  185  153  222  130  81  63  39  242  177  218  280  202  
sum:106182
loftr-matches_15_ourm1_uRoC/MH_01_easy/mav0/cam0/.mp4
11  18  94  46  1027  40  3  74  390  1041  148  1211  116  145  216  169  302  67  29  22  20  31  180  58  45  28  140  1645  2964  2967  2940  2926  2911  2958  2931  3012  3003  2990  3014  2997  2993  2848  2797  2383  2628  2871  2881  2952  2932  2930  2933  2774  2745  2856  2965  2994  2977  2689  2686  275  71  64  639  611  351  151  122  262  268  281  163  173  194  134  115  98  384  288  321  224  170  252  419  302  472  272  277  333  161  213  292  207  482  381  364  787  132  240  625  440  435  185  330  215  84  135  91  127  185  442  286  202  105  72  122  265  438  551  356  178  144  57  59  469  703  626  527  322  264  324  242  165  256  225  197  246  272  224  247  82  190  194  206  241  80  57  98  140  112  66  86  271  303  342  372  428  441  232  108  116  464  386  621  433  528  573  364  322  341  438  261  405  399  470  336  385  516  482  422  365  325  568  421  256  264  178  142  259  258  441  429  385  278  416  786  650  412  524  482  481  285  403  484  401  362  377  334  324  234  193  166  227  106  374  683  455  637  425  523  313  303  506  400  552  345  398  298  393  418  550  189  251  297  158  145  117  160  93  169  344  400  175  128  306  200  
sum:154378
loftr-matches_25_ourm1_uRoC/MH_01_easy/mav0/cam0/.mp4
521  46  17  212  64  642  145  60  400  136  39  15  46  563  281  1  622  2954  2932  2913  2934  3006  2990  3010  2895  1876  2059  2859  2927  2937  2648  2748  2985  2976  2513  234  115  241  242  19  228  210  123  91  65  110  200  116  99  254  292  208  178  77  148  227  310  267  293  254  129  175  34  69  107  156  173  54  60  166  284  92  143  0  529  427  267  127  162  91  102  159  135  56  126  95  77  56  46  0  53  236  320  265  92  13  156  436  346  368  232  169  145  261  212  250  230  289  294  287  93  85  137  234  275  189  410  443  349  235  234  223  363  285  291  192  204  33  443  417  663  240  318  640  283  221  360  433  81  124  54  105  30  111  191  230  59  
sum:76602
loftr-matches_30_ourm1_uRoC/MH_01_easy/mav0/cam0/.mp4
242  219  34  237  386  148  20  37  119  41  30  32  11  132  2957  2919  2915  2919  3006  3002  2834  2250  2671  2918  2937  2773  2918  2975  2624  226  88  490  107  69  214  103  70  64  169  119  69  221  346  141  49  129  220  355  88  235  57  107  16  36  130  172  35  44  188  57  114  26  653  229  151  85  60  102  145  113  82  92  38  19  6  48  195  293  163  3  145  342  278  237  128  146  247  184  230  263  288  155  88  111  180  217  181  532  232  278  241  260  179  231  129  147  99  314  399  204  289  367  240  305  209  51  94  51  42  116  59  73  
sum:59898
loftr-matches_40_ourm1_uRoC/MH_01_easy/mav0/cam0/.mp4
576  196  362  134  119  99  17  154  197  0  640  2936  2919  3025  3012  2816  2522  2893  2933  2692  2983  2292  49  74  5  109  91  39  66  79  51  258  88  22  89  233  77  91  90  9  57  134  19  37  15  1  199  183  88  26  105  83  71  43  13  32  26  195  413  1  263  214  186  67  136  150  150  162  126  51  106  182  185  388  224  217  203  201  146  42  285  379  241  307  230  236  17  40  35  19  156  171  
sum:42293
loftr-matches_20_ourm2_uRoC/MH_01_easy/mav0/cam0/.mp4
44  89  570  197  60  153  349  284  661  78  1116  107  276  25  9  29  42  25  64  2  548  2788  2756  2770  2739  2753  2860  2860  2869  2845  2789  2635  2385  2386  2724  2753  2775  2772  2592  2718  2805  2805  2771  2251  233  54  40  553  289  80  134  237  263  103  111  106  82  319  320  151  133  338  284  417  218  183  73  225  189  297  340  471  93  335  408  322  193  236  50  88  76  162  303  165  60  85  165  382  313  82  153  1  297  756  491  301  226  268  162  219  157  242  191  141  202  139  134  122  75  82  91  44  80  245  214  424  332  236  121  35  292  400  371  589  439  285  243  180  239  363  322  277  285  345  288  301  420  216  98  186  119  191  314  351  239  454  500  353  359  267  294  514  328  276  158  322  206  153  194  43  555  454  682  485  279  328  599  547  353  349  522  329  194  160  198  116  85  64  32  251  175  202  263  181  
sum:102248
loftr-matches_15_ourm2_uRoC/MH_01_easy/mav0/cam0/.mp4
12  16  108  43  1056  47  3  81  405  1082  147  1205  114  138  226  180  303  64  24  21  28  30  182  61  48  21  119  1496  2801  2806  2765  2746  2732  2763  2744  2852  2840  2831  2859  2840  2839  2665  2599  2198  2467  2705  2730  2789  2769  2776  2769  2599  2553  2674  2775  2808  2792  2498  2519  253  59  51  646  615  362  167  126  264  256  271  156  158  194  135  114  108  379  292  319  245  169  268  429  313  473  283  305  337  142  224  298  194  476  376  372  823  134  243  620  444  452  210  328  224  83  134  86  143  175  411  282  197  103  60  126  259  421  536  345  155  133  64  57  467  733  646  557  310  287  334  253  169  287  230  193  223  260  233  238  98  204  200  226  273  86  50  120  160  142  76  89  280  318  339  370  458  446  237  116  112  446  390  604  417  534  564  372  312  341  435  281  405  402  460  325  356  512  485  426  376  335  561  428  257  252  193  149  258  285  424  417  384  283  427  757  647  412  552  501  486  296  399  462  392  333  369  313  300  200  178  165  231  96  358  658  464  637  397  526  331  295  521  408  528  351  401  313  411  430  559  189  232  278  143  139  119  153  85  166  363  389  173  109  270  179  
sum:149020
loftr-matches_25_ourm2_uRoC/MH_01_easy/mav0/cam0/.mp4
523  40  14  199  65  671  137  55  395  142  36  25  47  559  285  1  532  2769  2755  2738  2772  2848  2835  2839  2730  1770  1876  2696  2759  2774  2431  2543  2803  2799  2359  210  107  236  242  22  225  190  113  84  62  103  183  132  96  253  284  217  189  73  149  230  318  272  278  277  133  178  25  68  93  167  175  55  50  155  289  82  133  0  535  442  261  140  190  89  114  157  134  55  137  106  81  57  51  4  56  240  328  255  89  12  145  421  369  374  214  165  164  261  217  241  220  292  288  281  81  81  133  252  274  179  432  470  356  231  242  243  339  244  277  181  205  36  447  404  680  242  316  657  290  239  366  438  107  110  50  101  33  110  183  232  46  
sum:73462
loftr-matches_30_ourm2_uRoC/MH_01_easy/mav0/cam0/.mp4
256  228  32  226  373  161  20  40  106  42  21  26  10  118  2792  2740  2723  2746  2847  2846  2664  2092  2495  2750  2771  2598  2734  2799  2450  210  89  482  112  73  201  99  60  61  152  130  71  230  345  149  51  125  213  358  82  269  55  100  11  29  125  187  34  40  185  50  117  24  718  235  160  98  71  97  144  116  91  96  42  21  8  49  196  317  175  6  157  350  274  232  138  147  266  178  234  273  294  166  86  118  174  224  190  551  236  265  222  266  141  227  114  134  91  305  391  191  298  376  251  325  239  63  84  53  36  109  55  65  
sum:57454
loftr-matches_40_ourm2_uRoC/MH_01_easy/mav0/cam0/.mp4
576  195  338  136  118  107  16  163  199  0  533  2753  2730  2851  2852  2630  2356  2718  2766  2486  2788  2163  46  68  4  105  77  32  62  72  44  241  96  19  92  238  74  81  76  5  63  124  22  38  16  2  205  181  95  20  110  75  70  36  16  41  29  193  427  1  276  211  191  73  126  139  161  164  135  47  105  179  172  389  219  203  211  185  132  44  295  381  230  307  233  259  23  36  24  15  145  144  
sum:40124
loftr-matches_20_ourm1_uRoC/MH_01_easy/mav0/cam0/.mp4
31  97  575  182  59  165  324  288  630  66  1150  95  277  22  8  24  50  27  62  4  659  2958  2946  2943  2923  2926  3022  3004  3028  2994  2943  2814  2575  2567  2888  2927  2933  2933  2786  2909  2992  3000  2960  2392  258  59  44  531  274  74  145  244  292  122  118  101  87  320  321  144  128  320  254  403  214  189  91  212  189  302  342  447  90  324  422  322  187  235  48  97  80  174  304  151  62  94  162  391  315  97  144  3  277  709  483  292  207  260  154  194  160  232  196  126  199  134  137  118  74  74  81  32  78  249  192  416  339  242  106  38  297  410  356  592  429  289  241  192  237  352  311  281  283  331  279  311  410  210  109  188  119  197  351  357  244  453  481  342  366  269  281  516  344  307  192  327  221  150  202  51  556  455  697  447  282  334  593  547  345  338  527  307  185  153  222  130  81  63  39  242  177  218  280  202  
sum:106182
loftr-matches_15_ourm1_uRoC/MH_01_easy/mav0/cam0/.mp4
11  18  loftr-matches_1_ourm1_cannet/test/scene0707_00/c.mp4
47  0  0  168  1  0  5  12  293  310  64  11  21  185  53  49  0  63  0  
sum:1282
loftr-matches_1_loftr_cannet/test/scene0707_00/c.mp4
36  0  0  141  0  0  6  11  263  274  57  11  17  172  42  44  0  53  0  
sum:1127
loftr-matches_1_loftr_cannet/test/scene0707_00/c.mp4
36  0  0  141  0  0  6  11  263  274  57  11  17  172  42  44  0  53  0  
sum:1127
loftr-matches_20_loftr_bd_dataset_freiburg1_desk2.mp4
241  98  1  0  13  2  6  54  1  6  13  10  319  269  4  61  5  33  loftr-matches_1_loftr_cannet/test/scene0707_00/c.mp4
36  0  0  141  0  0  6  11  263  274  57  11  17  172  42  44  0  53  0  
sum:1127
loftr-matches_1_loftr_cannet/test/scene0707_00/c.mp4
47  0  0  168  1  0  5  12  293  310  64  11  loftr-matches_1_loftr_cannet/test/scene0707_00/c.mp4
36  0  0  141  0  0  6  11  263  274  57  11  17  loftr-matches_1_loftr_cannet/test/scene0801_00/c.mp4
loftr-matches_1_loftr_cannet/test/scene0801_00/c.mp4
129  18  194  47  51  203  382  0  5  90  166  4  202  467  373  90  168  11  353  
sum:2953
loftr-matches_1_loftr_cannet/test/scene0803_00/c.mp4
0  loftr-matches_1_loftr_cannet/test/scene0805_00/c.mp4
22  109  16  85  264  0  0  200  12  0  1  511  295  148  1  0  0  0  0  409  20  143  0  9  108  
sum:2353
loftr-matches_1_loftr_cannet/test/scene0803_00/c.mp4
0  loftr-matches_1_loftr_cannet/test/scene0803_00/c.mp4
0  loftr-matches_1_loftr_cannet/test/scene0803_00/c.mp4
0  loftr-matches_1_loftr_cannet/test/scene0803_00/c.mp4
0  loftr-matches_1_loftr_cannet/test/scene0803_00/c.mp4
0  loftr-matches_1_loftr_cannet/test/scene0803_00/c.mp4
0  loftr-matches_1_loftr_cannet/test/scene0803_00/c.mp4
0  0  55  1  0  0  0  0  7  18  31  111  15  29  14  18  0  loftr-matches_1_loftr_cannet/test/scene0803_00/c.mp4
0  182  0  1  0  182  251  0  0  18  31  111  15  29  14  18  0  0  418  250  129  443  253  65  
sum:2410
